store_id,predict_score,predict_label
186394435584254,,
256113947462601,,
623866207359569,,
676456394637116,,
272824634009296,,
607800934757074,,
595055005651960,,
444354805031199,,
870264459134524,,
291321099789819,,
564111360405962,,
933580230926607,,
362335219977780,,
356088228060288,,
422436945208788,,
490849032995339,,
675240775002846,,
476339140056681,,
720046700803679,,
270875612427845,,
265656044113129,,
650816175136215,,
160768438227520,,
921895101345182,,
568129465118327,,
902794689022667,,
102614985231007,,
653019889706513,,
498792775305441,,
099811096753710,,
884554149580253,,
675012940250809,,
625263230106346,,
107623676160254,,
335705677646137,,
404383450080052,,
937265440018128,,
774853183917641,,
845953180552967,,
994053665721586,,
674508778133656,,
906520335085340,,
991277500431687,,
375405454862438,,
152221386710278,,
575150733047357,,
624366297964860,,
646449827277154,,
548920492149957,,
264413588834663,,
839165681998021,,
537246309873978,,
222168827191162,,
170493190502171,,
652975376596030,,
408556285942042,,
683366754430856,,
417481777057283,,
795078157702733,,
670867246286740,,
301616096166629,,
674661921581925,,
038661260863708,,
559927645768892,,
235216672217438,,
581611217709090,,
845972205373029,,
523895656226182,,
605677047706479,,
594536335677718,,
934092973819535,,
037148228045609,,
827385005908708,,
230384422077482,,
603345091460920,,
018324093438182,,
321618411114862,,
009758694838591,,
116800949955108,,
272920730433337,,
217659991424434,,
729280503571529,,
131634073690175,,
630996799543177,,
951714788432294,,
273016467537512,,
244084684876209,,
899538511133175,,
121358876284405,,
074530586560090,,
343606341442824,,
834335100046936,,
710702780724724,,
318013278722782,,
436231416191161,,
977122184123628,,
117389151419248,,
705454739612962,,
486190481956061,,
307696779194967,,
075406555492848,,
477484628067804,,
492564936781340,,
453939607269214,,
260294795531509,,
544079098514872,,
955868956443108,,
469613592378203,,
051937602847146,,
735962209486781,,
732316063525590,,
769773804862058,,
516573593422924,,
428786852784209,,
613406588544709,,
614082537923791,,
909614947903189,,
436435802341350,,
653632543310459,,
692287963410468,,
116070320517171,,
964459785797385,,
079975850130926,,
652131287257580,,
884707536125708,,
970965075597568,,
560190492431800,,
347696468884472,,
246511493000551,,
010464972214782,,
354887526373364,,
445952810098054,,
017166409505015,,
812044591047976,,
339176556973266,,
745710059532895,,
933885407023438,,
304792876506082,,
678020474025902,,
672011543737906,,
604798647166449,,
205878890906304,,
583488843457800,,
109274532707126,,
694593501488910,,
438188245065257,,
391350019794940,,
656577256177682,,
632070465085575,,
145017317206049,,
135083221593632,,
767155333602447,,
660594328030923,,
463532021467769,,
690719765503048,,
051806821638072,,
644100735287328,,
707596787828185,,
368788847250247,,
240842126650576,,
166316905157271,,
272329349414555,,
993151298200874,,
598125246255580,,
071099362037114,,
503460368136163,,
696330183164764,,
585742144791340,,
834199032264970,,
424014861249885,,
763061113925317,,
254356169395000,,
456651908686180,,
607693019305932,,
384846065168418,,
035910368583494,,
911555798157491,,
713617862398037,,
710634499030108,,
123542963207552,,
900315133698896,,
351405428736509,,
359422297272790,,
442197598983810,,
741713225470044,,
757188033740825,,
827341907590544,,
788185848734072,,
695651023832393,,
056801666446885,,
540260670838633,,
250507926285098,,
198176046636862,,
313162241457482,,
801882392203709,,
165989675847187,,
035402028196906,,
545823230061142,,
084279415427580,,
208002815771679,,
243419376369074,,
830984523793493,,
393927867970532,,
174303013800641,,
071191057429125,,
043478902459519,,
753938606627576,,
181521725196740,,
605683670799046,,
683036397915015,,
825520974390823,,
285132384352720,,
405694215318680,,
534754330754166,,
174274415918766,,
389421466318742,,
842820649452600,,
211217325791506,,
798207059375725,,
371828640752859,,
196769611042259,,
847506447774174,,
700282930681209,,
261322827944084,,
061885126510595,,
739909618544305,,
295742828090076,,
871719013461186,,
596331613101007,,
239026294725436,,
925109860810236,,
162293295681237,,
991273162872113,,
970120722461993,,
327042062075900,,
658965815198390,,
600821040983665,,
881867685309797,,
201416827819019,,
666927603562051,,
603784233641292,,
439118818231014,,
001254938114014,,
098161699243924,,
308465422358553,,
863264867733160,,
130994529988994,,
540578552808011,,
338717347513393,,
120222529917594,,
987644090140606,,
320928813668168,,
037901717950930,,
128670466116019,,
846890861954679,,
776061460518502,,
234764826801819,,
457529213309460,,
932382947551138,,
324602353789572,,
416366102743649,,
158943567921675,,
109934648616833,,
888205892164242,,
873022356782674,,
549581357357241,,
342670717031956,,
393812488761285,,
372059241033927,,
095151939852505,,
712474256045360,,
259281797498825,,
726210330332000,,
453369525777425,,
461706959295438,,
594888742953482,,
012436903163679,,
111638607047435,,
885074862837111,,
932701075346676,,
872218178284534,,
912424686938344,,
669924137602496,,
839472904607164,,
714513546481628,,
974298586274652,,
232330155079090,,
662765859961826,,
205770566072717,,
676080412228322,,
544478751129132,,
475322576584325,,
535612209630393,,
384985520869723,,
723987658938379,,
261191128298709,,
135436847407395,,
409412018219521,,
863948490812165,,
810618575341897,,
983934787367779,,
175897894862566,,
341753150802783,,
402732433978193,,
984450518685246,,
702365462135306,,
673069907428553,,
058001136126561,,
415957933679723,,
090179189451750,,
552559953697111,,
511469861174235,,
082205244087798,,
049448065731781,,
926611417248315,,
621767538650296,,
034881898534506,,
346150371700980,,
903762122158350,,
844351264441163,,
563636849555423,,
129316953734829,,
778643412626621,,
221414090940220,,
027834080839489,,
548955897353438,,
731720013149394,,
181441201423493,,
199861581448019,,
622684205994915,,
446860473185880,,
293114277540636,,
936951596782119,,
263379741760689,,
141290390455875,,
870522582997808,,
898106815338937,,
347905822938175,,
415268334289238,,
399638497197838,,
595061763408439,,
586697136191505,,
834499978961078,,
533647365227609,,
202117082976454,,
079545577194705,,
367444966530514,,
104235823379939,,
348811833486817,,
216804196942132,,
324945297135320,,
407215038763616,,
722784617305570,,
761575008910955,,
515883287697949,,
461374606684129,,
594719336038568,,
573784501336075,,
067243870703662,,
327578949206929,,
961083920526568,,
873523533720293,,
657688741899508,,
049824013089579,,
479304210383842,,
047328496200684,,
364104004371393,,
317928047115184,,
260143944083207,,
727983838559361,,
709535158098760,,
270009015394497,,
073862764262022,,
483338414402106,,
047164973220784,,
724370676024727,,
618461995341460,,
073138528628802,,
801827605240645,,
446879355514072,,
809172855653377,,
361661961442068,,
796244474999289,,
343978448771122,,
662811156977412,,
052434118452740,,
061077393055815,,
792856755165164,,
798078037401153,,
889555363946464,,
134621186522326,,
378139469326668,,
238420739570775,,
518298584675712,,
255058280316243,,
924885866771064,,
988643020920170,,
703191367790048,,
342385932059885,,
541130542472952,,
991023496871033,,
048857075920032,,
329674949450776,,
310702031119714,,
336703781338002,,
233425420406183,,
977281738726305,,
268592587670299,,
793654048008869,,
717278904722027,,
499033445503673,,
293757985008794,,
764093560073041,,
682803623360338,,
982520316022029,,
198022986599756,,
346055041679695,,
455180111082968,,
440157775569847,,
073839878170838,,
424332742651599,,
918944356221883,,
794196947515350,,
810359388400591,,
799020392135135,,
993669927624450,,
354938869943807,,
511815532333517,,
520486873245195,,
240748910790408,,
342169182838678,,
944384650227326,,
253247143016985,,
050310049501257,,
146246675591615,,
718118401314259,,
492798093962743,,
752232048062668,,
532020021933982,,
371225614611279,,
590273898390986,,
363227055474815,,
570676203507317,,
532259068968833,,
741033409930843,,
458544565555860,,
012222748508669,,
746108768240820,,
531376113936449,,
184496397834570,,
825379858089702,,
580158159394342,,
655109277276515,,
158079797387730,,
415955589771669,,
316369738053727,,
163875888209512,,
588399949109077,,
467585984607909,,
519345861576915,,
459182176037764,,
159572150794463,,
205584220259607,,
363490686557596,,
213932298741476,,
091749820666362,,
774988269457739,,
711399063734288,,
166655128461606,,
359381134323991,,
488540114443782,,
761788733736319,,
652607286128370,,
771543844405491,,
988325190549847,,
305563351168713,,
777598269122486,,
760844258754827,,
500006474270899,,
949094691984250,,
844543552594647,,
804909954713355,,
666604350955776,,
593837638716222,,
848637900422784,,
017547505818507,,
818663969802698,,
314489836632920,,
367077838265787,,
516534129343784,,
602416347072154,,
874913143302461,,
321854664239433,,
231062536234660,,
722685678538881,,
599151381475620,,
062284527293018,,
052504833414407,,
560940190738135,,
380098702856493,,
828812519941436,,
404536835860636,,
545507815237607,,
787249858116631,,
938502737232860,,
143405868152128,,
409901932613311,,
782821809718621,,
488388338705375,,
228312556968097,,
700176386307438,,
090751685243909,,
540050412080671,,
378518484847404,,
409273370894418,,
097463736480331,,
280628076948732,,
177339941671786,,
600598783257547,,
955120547188632,,
098992085505098,,
500972592348841,,
067066636328852,,
489851829509523,,
180247432632588,,
018211626696211,,
612727933016735,,
255959806575854,,
901653277053800,,
275996295937826,,
471052134054810,,
031191922532813,,
043127365128125,,
546561423151230,,
084653503837368,,
381762378191230,,
105503283307187,,
710588065430290,,
706092665845920,,
147309882951476,,
842693462357521,,
228146988361180,,
936472109647907,,
572797484197059,,
143493335098657,,
831680414707595,,
160665227164811,,
918394063085407,,
080874175577934,,
157789082564611,,
345346540583227,,
361203031162773,,
925030503475200,,
810473598178866,,
481280880899336,,
929413404314566,,
586904996616075,,
581270558439690,,
224710871668792,,
036071575807464,,
040221628787457,,
848661384911880,,
455681941773383,,
556747866463189,,
616140308148098,,
210044792453764,,
969908634076243,,
354130062111245,,
993201526137204,,
969389227301407,,
040588253321534,,
054659834570436,,
490716466222746,,
435841844187034,,
472949503980943,,
882926596190172,,
004608217136609,,
463739848353273,,
201560381071373,,
157812832020088,,
300130773421911,,
233292785500278,,
757922876282508,,
978213640514040,,
138795721570284,,
594331005015813,,
920862697211286,,
062700111403881,,
597953848888439,,
686276651273685,,
488055637686926,,
197804893838937,,
612933763565695,,
891059952355343,,
101623497494049,,
185905684082703,,
641557649806175,,
944667345080574,,
356323544432365,,
256929807452627,,
228145554319815,,
497038963640646,,
557873998014825,,
356664655773700,,
016213234785380,,
381145871988322,,
080165761750246,,
167747312882498,,
026613649920366,,
961986520977753,,
187323750246800,,
717873522337480,,
446613425185353,,
885549050203397,,
187406898707288,,
928356221026450,,
607039962313868,,
582849531796721,,
296383729059216,,
597940238074772,,
315700397957478,,
043615786743606,,
894404669615855,,
204050816547984,,
559193260686795,,
120357575604326,,
335723558001483,,
512180613456993,,
739401440473468,,
294192672404446,,
401986830954281,,
610503763044172,,
786487871455671,,
527473721284847,,
860234914762514,,
191040666194181,,
918258252331998,,
571397929071639,,
897996364540209,,
468479999479528,,
126532574069292,,
827602266254825,,
090181779136413,,
390895699159480,,
906916514309941,,
588204841974425,,
114489364250747,,
375496331467487,,
077359694408106,,
931585095414729,,
439665921811324,,
997668623749303,,
747061566978359,,
644844776276988,,
925620251275426,,
687349945491526,,
385113703056696,,
790618166842392,,
644733970993575,,
600482561686813,,
592670299864586,,
088237593845152,,
803924690491449,,
241146220358111,,
559866530234995,,
666113461736006,,
753440114273587,,
370577852137728,,
505252352306160,,
626187299502994,,
829324919798133,,
518576775429520,,
995754814533939,,
768257620999747,,
567329834627972,,
168656324690493,,
031090461344295,,
799510727493780,,
256584896596771,,
153832177807508,,
567168158203182,,
039270516953211,,
249330943242178,,
788132253422743,,
669200949942261,,
019926207949008,,
575218439655325,,
373278188927180,,
780275014854256,,
104804211206238,,
641870038523865,,
613046130942439,,
918412904957228,,
306789765781821,,
776362822844375,,
876854854005606,,
947677245253765,,
473706263261272,,
050690776055485,,
611548178358675,,
406466544372419,,
284181622966268,,
597436534445851,,
311933663875173,,
872973149550666,,
438664134109066,,
152995387714031,,
365196766990815,,
626381040926638,,
137243230527622,,
871554751023251,,
273761443713780,,
416836452252826,,
144587599237153,,
840253282557621,,
985288733965588,,
411079060208996,,
073237694542547,,
967420932428835,,
575978057474263,,
372458517495445,,
414737810499228,,
717806438439676,,
239834303309685,,
130395228045856,,
725259563966982,,
086888439614401,,
762116394350675,,
590383299015432,,
747097061531844,,
216438385422215,,
367979448539438,,
112243813271139,,
514170317647441,,
838160864189219,,
307579960061614,,
031574737101112,,
301479553815906,,
633166493184720,,
584688539152181,,
971536189837097,,
327828978324288,,
870929366391579,,
974302470752976,,
308113206570145,,
021907770466460,,
917056671537789,,
502062320484050,,
097927638093610,,
001313520286234,,
305641206175788,,
373142084123355,,
043268104067255,,
800820437707654,,
809232181597403,,
457744837356687,,
839092269278619,,
086524576908960,,
165567957651970,,
512067047958692,,
940836938114630,,
395090212697720,,
229596786661048,,
842210132047009,,
296660143348686,,
831075259191349,,
352284217894597,,
643506212669376,,
048738278900031,,
514368506141968,,
697995218566071,,
368262468797515,,
019616225490212,,
810710688219464,,
679095776640778,,
808299912293129,,
229155240172587,,
910615255718148,,
313560555957742,,
621356077892903,,
079479260390447,,
180546486159333,,
029151551980107,,
772449871084172,,
149851866276153,,
334049291830443,,
405207930621362,,
626911697324396,,
724471165957824,,
424203831060175,,
962230788771058,,
842041999297519,,
786078725774692,,
129191402556265,,
859695589745335,,
875276866553065,,
700596045156388,,
113527132074143,,
091203632344128,,
349927159271734,,
139075302073608,,
452638901665905,,
953685109351714,,
562251281646120,,
962547271512293,,
192978160573146,,
748351157683209,,
857984459292362,,
449134892814267,,
460065378564363,,
160917389216596,,
411546076055459,,
707943508359168,,
878178817726118,,
037475204243138,,
665636832011698,,
999551500323297,,
355173141549035,,
715630190062917,,
804913539775255,,
237237397438012,,
834448555841716,,
912339747152697,,
049250949540379,,
663411787493993,,
726052494454139,,
101928511917845,,
642754233495912,,
141957066660216,,
326091649501413,,
198745633131793,,
872900539672452,,
269916365737459,,
451622672036063,,
204121127552374,,
767970147820583,,
768501017390638,,
120716954841606,,
713489766306071,,
983135752562716,,
060801154015782,,
490408505981107,,
740132136315481,,
825901391001768,,
550385366664413,,
532855928585684,,
380914926253060,,
237108471865683,,
611329972251506,,
351473084486794,,
538165471200084,,
681588168929609,,
480193330004131,,
774364359365587,,
604658790337302,,
306316987598246,,
556592958477134,,
523996669913882,,
958471879429689,,
385127233464322,,
737250865281016,,
948765473314705,,
580400450716657,,
800576741596475,,
915254145144879,,
811238065905960,,
101696813517707,,
944608955415177,,
536072339139199,,
077333417696587,,
327181253316233,,
421758559730923,,
652676943706573,,
769775352965262,,
622687323834316,,
569288007048492,,
712114661577086,,
499773950870593,,
452581936952113,,
598516756589716,,
978520225170218,,
770971307764126,,
711053798899583,,
209844581378637,,
958451535070564,,
587051392721896,,
982565628941038,,
904146859887280,,
146340345654567,,
030297331078570,,
024215970543254,,
334424348712999,,
537558234227726,,
774577724671646,,
948480717627037,,
094569601754977,,
947854680930521,,
516861717632036,,
180062799643775,,
574391727908949,,
686743308591737,,
535855823775614,,
912726212819762,,
776097945118499,,
002068751052178,,
358205242371953,,
105499239801174,,
981977656549835,,
297783926400245,,
016985125167634,,
340933112566864,,
553334775132748,,
741412501616735,,
926950941753136,,
604631202102996,,
678072486808776,,
625614737832388,,
224445897219233,,
439075113231699,,
304905318941939,,
880380114906498,,
557107742724110,,
395679031806201,,
258526018855504,,
724684658790475,,
247495764365623,,
408040655273828,,
772318744755725,,
439399611401553,,
026630085253034,,
261833098924338,,
682209021227279,,
200049202753205,,
249464335367127,,
237501419539933,,
135632233325806,,
769532514665522,,
920113861023302,,
570637715718297,,
672265604848037,,
017432983276949,,
513328527120465,,
598426967295509,,
751598443063416,,
934982488549563,,
288753716308692,,
494991983007168,,
755710610718816,,
357733960582530,,
761926671006244,,
177791807790482,,
678598400588124,,
893161621494646,,
741131206005270,,
771834191027754,,
818007000266278,,
161096908707930,,
566264856786573,,
337970953734146,,
550597550201080,,
368639104062032,,
036099454294106,,
903120138689502,,
265388810614601,,
840180482977381,,
996656778699659,,
112953465851113,,
276984245213004,,
125120970780258,,
985709336638799,,
056850731284192,,
253624925458015,,
548853387889992,,
324004266692425,,
423577633501852,,
045362315538399,,
609475128810098,,
137076213095130,,
038465468950674,,
148371427824192,,
216136763800345,,
700014794851800,,
211647931725767,,
150907197534283,,
056504173961833,,
884027855090699,,
712223992121266,,
441613247953081,,
332668424149977,,
069428429851477,,
757457386382738,,
644475653755706,,
329610741479551,,
654591483339102,,
740383293578340,,
244523760977330,,
424000713201888,,
342604158375160,,
733873631071469,,
469427097219794,,
644114145100055,,
509974792084675,,
149738133351349,,
665900978505333,,
380664771897770,,
838339792966978,,
789926523140370,,
373683848874868,,
616014647357727,,
917126216902666,,
302549574619072,,
183168908045136,,
784887842159998,,
007200751328522,,
374034191466438,,
762965553626774,,
360230237923589,,
109177335678174,,
249132772933828,,
692145694652487,,
881741979908835,,
868518978054195,,
622690007980461,,
665295504518541,,
689562106504475,,
497192065707410,,
232095318260962,,
095470922570589,,
588924360626739,,
336324353935042,,
836093854435092,,
921413320570930,,
585622348218673,,
588542332906949,,
491466008466746,,
596395922764506,,
881060110428708,,
156689575282704,,
097117882029794,,
227488076735455,,
260246593425634,,
505531490408337,,
336202355954426,,
219921160562121,,
062521789368013,,
346544576854242,,
149848837924511,,
476102395409793,,
383877030258708,,
777633555337403,,
356127071968596,,
158279873552765,,
247714738664778,,
934086601587595,,
970770642903285,,
415493019819174,,
992640044503357,,
626532280692568,,
304647752843991,,
284389455128226,,
177617001209502,,
104499489856007,,
107390286460042,,
439847371181278,,
586051212076394,,
988181987256326,,
104912810633357,,
249944372697398,,
539218424002050,,
646273123333676,,
111239973825566,,
271432323889603,,
545565481278745,,
458661592641652,,
404850453568613,,
983499500113754,,
738564693129742,,
574304034747462,,
045953132325812,,
458822974331936,,
702505088519487,,
727913337363333,,
018532590451948,,
507724575644241,,
035535432871110,,
282711570321767,,
527209198314515,,
219572036243108,,
692858909909236,,
870248566134429,,
457649516239762,,
785028898473149,,
712296341000771,,
714014469476295,,
129220984683737,,
165280009759816,,
597528038394532,,
920445010001194,,
763633011106277,,
137015629911442,,
361189647110867,,
356289512717307,,
223335237690662,,
521275016638154,,
876417777312963,,
687589274195304,,
571935231765153,,
833328831463422,,
685632877075872,,
109532328206595,,
753052299579788,,
296947550735563,,
797664879969320,,
375108245657599,,
227967247535335,,
661259618729716,,
730604525140192,,
181576028709594,,
436440509979611,,
786665324179639,,
215415273424398,,
509868690079268,,
011073554827067,,
202735505747933,,
128154121258634,,
652799887547428,,
602909974627636,,
155929232852208,,
935301002476990,,
871088573435727,,
515814497438930,,
416974783268455,,
930783450485741,,
206593395325096,,
469148617167669,,
999666164883160,,
668602720318818,,
771363279775583,,
104840745269533,,
170345357834061,,
887049921384036,,
400149695947716,,
650162327960476,,
853180854775670,,
045314039690974,,
560696790115560,,
954565730116605,,
761829405148183,,
222575464795979,,
182297480575371,,
726481120921322,,
044650316959520,,
689268634435273,,
973824585554427,,
642404459182785,,
150293904197413,,
510930242685415,,
864154980333545,,
086287200723033,,
927518776513243,,
129859298955079,,
818121748688336,,
552200341923972,,
306840184332903,,
617949255298834,,
411807036489474,,
128361353354223,,
819264210284196,,
005231089512740,,
831038409674086,,
779199922047996,,
601275340538892,,
878830898937613,,
434828895613934,,
509327408639428,,
472574821061210,,
219199566547425,,
818567052696565,,
892795100471369,,
343960353124665,,
173040614002105,,
483873510656386,,
853176536623468,,
803030156572945,,
331852874202226,,
748453466279335,,
372754565716474,,
686071257478661,,
568238476915594,,
445043003603714,,
789193693270470,,
238997493360712,,
308054976375329,,
726645134180233,,
479796204669013,,
853784704474510,,
586479014066345,,
422754709074121,,
125361130071544,,
000797571717943,,
754804690650460,,
044711427899089,,
342583204736245,,
747219744950804,,
424469773204970,,
196335939725465,,
775924721515324,,
010376055225142,,
081104868065946,,
883978741717615,,
091038428158101,,
268511171308835,,
275638306626221,,
560926265450759,,
772030765284687,,
821939118851997,,
537006343052748,,
489971239804883,,
994876607054179,,
883934968919593,,
574593471947142,,
848119375744124,,
000222875327743,,
275283333114821,,
749589422591893,,
594691283905684,,
370010451683296,,
246289165424712,,
225866088825880,,
794994422873168,,
466602808236641,,
361787701325169,,
046053787291037,,
094563482400369,,
698245913525991,,
797217854535486,,
690463624624503,,
869002989987068,,
292359220315675,,
458950481492434,,
700541169311493,,
830452229721053,,
269041463270937,,
724359222543940,,
292058746600531,,
855426017602351,,
110303458057592,,
330968891052567,,
551817364339562,,
190400444632111,,
352931223127240,,
317553905833499,,
748669483250400,,
721311108784436,,
229308538255177,,
824226260912971,,
546644115520349,,
820031878474955,,
318177079929975,,
159875003896009,,
738993976641849,,
815114551325621,,
002820425957264,,
248006869268800,,
180984578891678,,
007558954943828,,
448671832157188,,
671908428301544,,
405651312012882,,
402446027219924,,
666477885043057,,
674103652265863,,
223142138577085,,
747606553488038,,
836438208280148,,
279779604798624,,
060891299311186,,
140753608042651,,
418903636363454,,
364958519488363,,
523532288940466,,
778199158879150,,
229502875005206,,
378790426169858,,
128987246194848,,
100522287339800,,
417263477229189,,
837493726327565,,
004337510398353,,
764836966376716,,
512921384510198,,
844560161090058,,
600849088913314,,
028210134843095,,
748829841094147,,
213007181068353,,
361384604156266,,
288971948740490,,
364753491973702,,
465207181167290,,
407236538248734,,
223565619068328,,
134488569932014,,
541929558333074,,
706013414510509,,
610021222874052,,
901538841065766,,
724198858342851,,
750731535591168,,
083303238233004,,
366970065565576,,
274228576461079,,
204307041630108,,
140838014867581,,
140683409374990,,
292381767189950,,
398046197578260,,
844024747130979,,
999288051410285,,
935628160063871,,
315790736585551,,
900333963630954,,
096432759153661,,
679374361080025,,
086208472160927,,
486354978378228,,
892348110327128,,
817792892925360,,
554240085913132,,
111967641943866,,
801999275361900,,
826533298780930,,
606520430130773,,
184468064948641,,
371354051680895,,
404877372427045,,
693383407842226,,
397936956886675,,
233354312665109,,
286396964224788,,
500741238640625,,
297828342017887,,
948710730240592,,
796553767478718,,
178543054381726,,
359095159603370,,
747275814391934,,
960193799655388,,
505759234082264,,
988458513496770,,
118218426197974,,
970021805123917,,
764819946112553,,
439465693146184,,
170387805054385,,
340342905212898,,
325477400556696,,
130742818248677,,
888758436595895,,
843282972264833,,
589608543242859,,
193187055636696,,
214001840855438,,
120027050320798,,
718240442966899,,
623415485056433,,
692100308390835,,
478084368362639,,
294267703970096,,
666997308112959,,
373562883882700,,
890324621846558,,
346672431628498,,
534063518837002,,
520026549911693,,
976107748351645,,
358608072351721,,
649685364495973,,
115269748356171,,
758280780040995,,
794942113902762,,
068103979077232,,
965556055391240,,
634883959784960,,
556373636707231,,
134741016853160,,
354672697971748,,
080862207946150,,
788339772866252,,
510597399247743,,
769691277370474,,
190363475996544,,
099945919550291,,
563520273288960,,
228952589138972,,
842473261029252,,
025552507120287,,
124122793224774,,
143132937206425,,
805858837970694,,
255699891127602,,
551634332267542,,
922328393252616,,
195255263148810,,
404924589669531,,
743334436071226,,
774266427722875,,
882892392074864,,
762386919725582,,
495008073206515,,
208344595114258,,
271503153089860,,
909792010518640,,
917827565236551,,
655346311804044,,
377584759354690,,
549723537058667,,
210316523647135,,
901519741273832,,
950772785905719,,
033640964057623,,
680897360271058,,
865122986729186,,
184186688922168,,
550109092931868,,
246744625208583,,
861581812151572,,
478562737173739,,
937429794348857,,
542638899432188,,
457619281642892,,
111026793438983,,
671503744546671,,
893931833794958,,
089362916779203,,
123138094817786,,
853775891093946,,
134429890215032,,
578378132018378,,
169474510256730,,
384433119376800,,
683280855068365,,
698938475995443,,
010266659036792,,
229130120245966,,
149119379752731,,
653808462125370,,
113229079506518,,
921528275657295,,
915732708904150,,
947620268672796,,
117045809705773,,
822065955172263,,
536431200759696,,
985811334497989,,
378849184691339,,
014435214465839,,
711108888189161,,
653425144536691,,
915566503353614,,
444453678799317,,
195554481447975,,
856120728886661,,
056832877226786,,
238479328517775,,
182343151078747,,
756960755436045,,
028107892206823,,
930007411554975,,
719345807221705,,
668255619989342,,
758524225707369,,
241940933728335,,
304678348004869,,
696354811899290,,
895685688230439,,
074814809408564,,
089490595839490,,
424215893115205,,
996342045760537,,
336573499698259,,
910754528812620,,
421171089542466,,
977744608176241,,
265920932715363,,
971596279113329,,
109687313742088,,
535418978290401,,
002279658121560,,
314582170841455,,
156065579306714,,
280098835469230,,
176613873514365,,
922513564406949,,
688854422582245,,
801485119767182,,
889749322035563,,
266943913939692,,
569940965498009,,
203198861664983,,
950243783938064,,
781912415069748,,
915170908421879,,
022043715089865,,
169495116145952,,
029429239516125,,
651788796850998,,
719230262590321,,
951755323392177,,
912105827739624,,
884221117748901,,
630334425839289,,
420262391751179,,
882055302413779,,
461808836221114,,
989657865332779,,
219856998968616,,
101368895333645,,
904490772728426,,
214820624692016,,
108705760177361,,
133284965558207,,
628278369157690,,
363434634932497,,
005571729495678,,
852541057259602,,
785200490329712,,
450729924574359,,
120679729608651,,
663237459263099,,
670524062185344,,
922741996186272,,
707514557471906,,
821504872808657,,
370174393728873,,
326442471038394,,
026041008986825,,
474060498515576,,
861561162470213,,
107182391398113,,
082790187967646,,
996027822677006,,
857689653587542,,
940615101221266,,
945626651313972,,
212327928252646,,
252171889286984,,
044191628188810,,
225159936625117,,
011900694145991,,
380106809639493,,
834847990589417,,
707412317556988,,
753097451685379,,
674074550465721,,
897389300011931,,
642599162099841,,
183765215288429,,
566469132842961,,
929286517720973,,
411670626525206,,
951173358462044,,
744232742326703,,
983994448536389,,
600349696322289,,
115822112350771,,
691684784782080,,
193684740842456,,
762695660963086,,
268309185006397,,
445437363585952,,
593061499568785,,
467467859551504,,
241956164996864,,
243186262891756,,
230210858198066,,
939153606862635,,
186573786981105,,
939075723695615,,
075653329066078,,
532212711520599,,
166819033248818,,
300663838676084,,
715745748747750,,
479178848450968,,
018224472542773,,
940769339511934,,
094723758851774,,
246030977599273,,
467274812059836,,
519754247770456,,
113340609946661,,
587649650356436,,
534507940497328,,
647692411244993,,
920142985601958,,
972634122537573,,
427346402872487,,
314497217365249,,
183190743441428,,
601105756856671,,
034584632577434,,
266005728728391,,
937513182356306,,
666994853888565,,
611373271039608,,
141422388609239,,
270423409743532,,
327303758142086,,
566888165792043,,
744162950357762,,
859564693507808,,
948596943746239,,
525732131700316,,
787609488270894,,
799638934663108,,
732733416408826,,
580023799882313,,
549463000752276,,
172242279286434,,
722344392270692,,
201220620838076,,
078043844967333,,
744422542764051,,
875012825873832,,
338022723080638,,
704711985459007,,
727246052766008,,
700676258729451,,
902117226998828,,
402528808237362,,
682648909510950,,
870254418744931,,
041665073927114,,
646919362241080,,
354237360310419,,
024297502845153,,
563120924688043,,
647424838011105,,
614673277791570,,
433528141088875,,
874820082335512,,
909888143192402,,
963818857220751,,
129132307984495,,
153556630956638,,
792152838544005,,
346741760633580,,
009493010510895,,
518236487618076,,
514898349734610,,
676837877808480,,
366716936147269,,
929050946994419,,
825788541746271,,
977180225814361,,
705822133507741,,
773654188779486,,
604994406471327,,
457890901365682,,
120471740657901,,
162355830677504,,
830785057858276,,
261670241045960,,
082539788866931,,
188502059590239,,
557383001485069,,
306141000610459,,
965813764456625,,
091592308681134,,
626872704471782,,
662670227594815,,
345591801843789,,
183337242602917,,
421111216382385,,
352124057453147,,
451265437153887,,
498338394045338,,
486646405414608,,
104306351459270,,
893176612264579,,
689897246094853,,
888616286843621,,
578683362182271,,
125492942574314,,
361399096946862,,
058959777351261,,
797579620331659,,
971435374032864,,
666504025898803,,
449884593396102,,
254979656346426,,
573292679850753,,
911678609379575,,
116034558345122,,
082730954236777,,
471216521631472,,
639278143636415,,
402203597508758,,
491727348007517,,
301937435050273,,
243601299507518,,
126894282885391,,
387865813730603,,
334993477418910,,
031016844627395,,
199803641369645,,
751505632739912,,
089299879267340,,
237821019682547,,
934416689355238,,
031683358044884,,
870401226760084,,
953210832974026,,
705724196198274,,
739482260809357,,
909895476491975,,
892694145783041,,
262975726079574,,
744915604674953,,
499918545723694,,
878256508162314,,
268902961154326,,
660763909968457,,
383626556414080,,
571887114657431,,
054357572983167,,
189161875919449,,
757083857909535,,
704830054326306,,
051883397255962,,
359000571086731,,
556897059253704,,
955541911366796,,
371141795229121,,
599349451278623,,
062832968760219,,
008946076550227,,
972549772104521,,
362070157469669,,
212265610997078,,
196295811469980,,
619745818678029,,
341529198521392,,
863377064186246,,
157342082605953,,
106085323819604,,
331889118522078,,
807441843073500,,
204623046448251,,
668928118082806,,
478140361275510,,
404280384453238,,
084179293322222,,
376417154614652,,
712258802272452,,
116064067102711,,
889128624660490,,
210065621159673,,
474766601763029,,
622679649548825,,
247792941464810,,
652059592421438,,
536611304643924,,
573875300556590,,
899185086517605,,
473059208977427,,
005468658475071,,
818797717997709,,
692690923746393,,
213256962637854,,
042748873729424,,
063040196722874,,
847554129387313,,
423464532333272,,
942652606141646,,
449954757256840,,
672523488319084,,
673538033967550,,
991499447367964,,
184935369380729,,
056037460437046,,
263634403670366,,
543902080869210,,
964434721808906,,
928486716360047,,
138592843370423,,
558728428943751,,
307793853677817,,
040760764193298,,
896401235755245,,
356174574849442,,
063327509551516,,
070813071089149,,
764796039098713,,
489909698957092,,
163336763809875,,
556244078630379,,
061899013048188,,
531219064700662,,
161186580949607,,
247200506111145,,
746408064194029,,
985852023699159,,
289365679160426,,
391440949180300,,
648496060653465,,
953435314211850,,
833340734580520,,
865926866651212,,
478437420771175,,
166086302303033,,
987731576747843,,
686225650024023,,
238413256038092,,
981802996365298,,
011405603500664,,
179292494112280,,
042523458769062,,
508188930039277,,
040206846627483,,
154041428759065,,
736407537576632,,
294028514748351,,
915775039146383,,
935010698942477,,
460094582102114,,
501469089090446,,
685061284409880,,
417459193430845,,
426923314235231,,
733660198850604,,
201500440175886,,
735963718167574,,
565756043352347,,
103458250688971,,
540088315477666,,
700138938824519,,
414959940110504,,
116181359688283,,
628076295541026,,
996576538617556,,
873903423838971,,
506162244785365,,
254760891914527,,
011104830552790,,
594476956487146,,
338292933733564,,
004013384104364,,
810309724167715,,
235847317277786,,
951107959949221,,
543879867754595,,
693188320957789,,
785601756707378,,
643176808434848,,
409461486798498,,
890441293814762,,
828827664253304,,
061657398043434,,
568022894269286,,
828473338842323,,
597945680668312,,
979526907346459,,
080974452430628,,
306459170108891,,
787943433874519,,
457020414349492,,
072409144996798,,
861251703264373,,
537220654483536,,
455633767357474,,
995728707066858,,
030567732485566,,
300143523431090,,
491619176992353,,
616681220251733,,
572668025409721,,
688456244743030,,
376615127927065,,
667407887562315,,
396963814357063,,
870439219195371,,
765250770168133,,
955610381145249,,
591598279692245,,
531843974902917,,
226958252690818,,
773665003349669,,
459714192333563,,
750400473025155,,
677064592254662,,
548586112693003,,
068085478123300,,
782570692033180,,
150058673841352,,
212318411082024,,
212560520997195,,
042614091726795,,
144938412805649,,
843093174486651,,
136787944861565,,
853818096800504,,
966470759088785,,
774076884841495,,
466019680888731,,
248935896899735,,
295630451900790,,
091832688987634,,
263442191562916,,
706084599332387,,
336019128478559,,
159316779548032,,
920917771763372,,
305515291961896,,
746750145898156,,
729199755021165,,
473436517845657,,
733581686682490,,
550641888087781,,
577490462224625,,
475841438704645,,
096972303200108,,
902997017130772,,
553306863763955,,
644347317798052,,
934994840254309,,
441116337795847,,
034629405593821,,
797934992562245,,
956132035085534,,
561622862950458,,
706709688302539,,
661113542665957,,
971663386180002,,
507330088980093,,
686697313860166,,
344623530678339,,
742660229201071,,
800669249068316,,
374425035658804,,
131009621709733,,
263187706793170,,
781436794704004,,
122452121900639,,
909743533995866,,
562160538196280,,
827487940193151,,
122018982867929,,
212256929114572,,
421247605984103,,
377311983091047,,
008207005985479,,
372336737097639,,
765052671928014,,
333248822523092,,
486371274584371,,
725397849473797,,
742303895542988,,
829177591517017,,
879782219807546,,
633086644722914,,
524846922376478,,
910155432663109,,
171023164107238,,
801124461199646,,
031184459138724,,
258539334301995,,
552155011005052,,
764802893898599,,
901671698561758,,
881779465986589,,
215461633206994,,
725898428551613,,
468489022911037,,
869374328842146,,
069694924775561,,
329351863797442,,
930778911609809,,
156745542632776,,
388374816682399,,
157118898490113,,
347816542212690,,
588936879581269,,
411259234088346,,
661265532856283,,
090805313912157,,
607135365282169,,
360424934269623,,
160578012044030,,
295215131782529,,
091224498922758,,
130463766704115,,
658963283790055,,
264037145656919,,
405551493337545,,
662943730656309,,
050282713424729,,
395883757654228,,
103209469615624,,
035010741185475,,
376028387152747,,
694235495729282,,
873731208991404,,
504954970773102,,
621404101301415,,
344774602124129,,
239287742456776,,
814317995949807,,
845447859400558,,
732656862813290,,
771310459382411,,
532979423975053,,
111394946748468,,
835964256335216,,
235407815143117,,
609812399812792,,
980551093368730,,
901440908119399,,
365543352213189,,
428842873776150,,
075893004522924,,
530697953879016,,
344200189668713,,
001551164535618,,
617477574041875,,
200797898528672,,
619663530501976,,
457514272799638,,
950161318340876,,
161233973966334,,
863962168141501,,
541403883284900,,
723835210836573,,
021933902221716,,
706873618806490,,
212895909199733,,
679537513186522,,
961012300487828,,
762683264611151,,
225108208849642,,
342145432865607,,
834111357522512,,
371013021578273,,
559654669781153,,
405258151016428,,
171474563616403,,
784010481359174,,
281530249726477,,
531255982944728,,
937072398953585,,
895829918954188,,
571144493400569,,
250807457620625,,
628272585485268,,
270665762205309,,
984848272897080,,
221147323087190,,
132629909272116,,
332140319984795,,
927458535970357,,
848175687052919,,
783430332743196,,
290782586340735,,
020157439463798,,
052348665796565,,
407203995747409,,
053035039304074,,
386376258871113,,
182257576129267,,
317356406612930,,
260046261449815,,
031597234564619,,
439326863417242,,
982739572974884,,
650180143238861,,
745137200605077,,
447452035722610,,
304472981748341,,
751892287174986,,
458812331710818,,
626736418273027,,
778157638231442,,
888003906996083,,
919011132374487,,
219642233587791,,
432271943556173,,
684135556858320,,
472253338944630,,
839263893556135,,
496982664768400,,
793132013673023,,
299074037750332,,
908754298492218,,
269193775051526,,
249614313105101,,
813461614332960,,
795669597250314,,
813776094386538,,
720432911144169,,
646758832596858,,
779111432970164,,
090203269514178,,
500664583902968,,
643030034476432,,
466719607410257,,
291410539630782,,
934572052829218,,
613209410010584,,
151738825327767,,
135206849696063,,
335890773761344,,
333080415047805,,
454099204051495,,
800356925592295,,
000408693962279,,
246370085277949,,
657489221553417,,
878009159137378,,
001280226055936,,
799872117291335,,
272118582680758,,
737020973378515,,
257904296495862,,
901752608643070,,
620870075699160,,
394834052240803,,
589589647532408,,
156231030974080,,
257698902128075,,
596934783299371,,
700227473948380,,
516375984690709,,
995497160114520,,
729125939112249,,
934070049233213,,
149405353805938,,
828972524093369,,
180549036175579,,
597719883909298,,
734005432705342,,
560849331559077,,
904924302653673,,
996598329894938,,
105413708257327,,
808297468492431,,
847987873793176,,
996092555744665,,
738843059033941,,
629155026951373,,
879882494246477,,
521028045925730,,
006293776762103,,
206165321217065,,
791435643419668,,
494568859770839,,
122854714704230,,
065976313553778,,
894787204004044,,
377249591602269,,
115313315283662,,
548371551100873,,
819276911098685,,
348859573275139,,
610430222045865,,
453202286531596,,
489250512324820,,
542544693290572,,
474807656861302,,
100174691214713,,
359475414476327,,
458680913501792,,
076353531386836,,
645840257487569,,
278453559220666,,
042052850215341,,
496176277374141,,
279963478923491,,
509263952111038,,
613326830435286,,
589817683438098,,
678109686536848,,
971462618646183,,
230059490296278,,
878033940880321,,
144517357377018,,
768993666423354,,
955568865245172,,
847520911011994,,
769186326721200,,
523684453309820,,
596299982337444,,
894530558611061,,
068177161077252,,
204624778341302,,
742759475169592,,
963376462946316,,
712737946844782,,
779395849296216,,
934842104520818,,
185061393707775,,
379955510694475,,
968243743802311,,
428810325661494,,
715105407078533,,
952303949690624,,
136238893618088,,
713912637569498,,
712980436037452,,
738440608905967,,
046082916239617,,
739977714930210,,
184359737622717,,
931343073759200,,
309772442525936,,
347437984371831,,
716484048536817,,
170588891422137,,
729206579602020,,
508616659398843,,
336933954021343,,
746709268578478,,
331296862412028,,
269003894829223,,
689785814015545,,
351645194643209,,
638413400659614,,
327325049037643,,
891074576390144,,
213227854938465,,
863226228031054,,
644402196928425,,
448687111049942,,
948306990465632,,
173959616071391,,
350153534816636,,
971911495714936,,
392414321178867,,
553251449568569,,
549010178989627,,
361736418782244,,
812813144916701,,
847491357834488,,
722198968928203,,
022626484970881,,
579473140708628,,
814954439438441,,
329879963716828,,
767441344108427,,
869186694850779,,
747298410003178,,
021178546011056,,
454260723761482,,
140567588412203,,
966165030483004,,
254542189204327,,
192109006773811,,
090373910252943,,
218631541516775,,
087957835831029,,
023651046343410,,
410024248778807,,
855463272234017,,
773235221631150,,
694999658309182,,
116415412842146,,
409954524922661,,
670887011286360,,
651009348949961,,
787071601788317,,
259171679007063,,
920996513703355,,
638916957367837,,
890397793780111,,
005973358157780,,
643143198527890,,
151071397409879,,
978136665695866,,
659278667011119,,
453026226630739,,
930593350817849,,
751748663677766,,
918117435564152,,
083378953599684,,
295472253979414,,
410080902957571,,
880089931387829,,
169966302100063,,
103879615654141,,
343570613307954,,
526412459106536,,
424988280749370,,
382655145678556,,
783396479863150,,
029038430221180,,
710599936023038,,
857884090561680,,
811167794659882,,
816870733515823,,
627945425575775,,
548191627613292,,
933909297750012,,
843883925845960,,
756475157202923,,
634812910470439,,
599797658091904,,
225058861275276,,
847515678391669,,
784116414789336,,
778143031002616,,
343281483727610,,
260476841981233,,
342723444059858,,
004570162340841,,
313663941466185,,
065326928428076,,
958200641627587,,
122508560133874,,
804172569546769,,
490474228969343,,
281679805463865,,
769502282378859,,
127117020921306,,
648301317332298,,
415355364136444,,
499882434803545,,
823087662978101,,
190567711349815,,
773997977329522,,
542391947960478,,
786579611103664,,
411647657102124,,
950374678154496,,
872753326654178,,
264254596230469,,
684345532299832,,
387351732668312,,
874814167799541,,
219856166918665,,
408644274724999,,
996497109206364,,
226623093853967,,
486653779562939,,
462358402791457,,
606239925798226,,
635935143914818,,
841670735963324,,
321127521918588,,
711541798726534,,
175172292591185,,
162997834834529,,
481337231377955,,
767591085732876,,
256870720725492,,
461079758558207,,
262043160296165,,
561142869953981,,
810455225002042,,
882712753475784,,
995706632280463,,
498570821508376,,
604421001883055,,
753470580973567,,
364005226608511,,
114482715126966,,
467085082552668,,
746030687977649,,
009819077980422,,
596259855615295,,
781157640721081,,
780674845773474,,
407017813023322,,
206565006953865,,
013775712954049,,
099403061720594,,
612763735834572,,
430090422439623,,
588280387013968,,
304366527973432,,
700987387230764,,
022872727100212,,
368108560649380,,
256561271443440,,
284758482454512,,
214779374855312,,
652173577078160,,
825735833401611,,
485795620592951,,
097576435530222,,
874359879023465,,
267356583968431,,
834004236265352,,
728065344963748,,
885222148726999,,
817190659013790,,
106397749804909,,
121915648643582,,
236944011417304,,
360751651784026,,
288212517287561,,
312439147019123,,
261162886747224,,
867480564311790,,
308068923939593,,
489640054468838,,
035608176154243,,
751867737493487,,
811358234770389,,
696740437602559,,
392033764178380,,
792142633800354,,
596455898784208,,
209394745833514,,
896677226182995,,
084059155716851,,
428078900491296,,
176157819952993,,
209765974593726,,
401430827345103,,
974969149189914,,
509559439253371,,
719166666047214,,
093752137944749,,
607158392894106,,
372559479328552,,
478977555627360,,
981156257698539,,
727484384276670,,
135183910900577,,
900099720290016,,
496362162644742,,
804488399801524,,
285186181839066,,
946577992405462,,
456950001960915,,
543537692331717,,
124537579393166,,
319924617065014,,
798945644944306,,
975920517771279,,
120548371443752,,
727313217695902,,
977003314535319,,
739350133638755,,
284118441611913,,
902852904968528,,
614924783762351,,
572825373143677,,
264356952359533,,
701403023827619,,
696210040248806,,
416760282172765,,
510451513997912,,
345300898808093,,
372677180728667,,
245807194865960,,
121733115501927,,
466086970942607,,
390905987717765,,
139089963310744,,
679644544979863,,
178295778778514,,
651421514565284,,
737988912431842,,
613497288331989,,
884227791466142,,
030513751425544,,
451269595827448,,
722713866028993,,
236612767104538,,
356568700141797,,
698389821517140,,
612548840209083,,
396161663096896,,
756933534746457,,
816576180288353,,
280336698137764,,
351380508286145,,
485159761126495,,
696681875800257,,
798589994962436,,
445187590431736,,
694885661586980,,
061969949445168,,
759732292703539,,
065280197387197,,
682839647011081,,
374833813317129,,
351415607120644,,
289086504909996,,
117685218524601,,
975986459028064,,
460171595575100,,
099078857796494,,
653145254962052,,
862235416868882,,
116545697779385,,
171022842323433,,
323297783090167,,
209662648034380,,
910678016988137,,
620344268867972,,
615010458136787,,
744957525714894,,
084515483022181,,
818273340635780,,
608278567388240,,
630739840196946,,
020082004724347,,
592274121374142,,
570070419171655,,
770706437757193,,
681627472323885,,
124822146790218,,
775952678376358,,
811811724227893,,
737900933850348,,
280289691723441,,
087712822531362,,
063161193358152,,
748109758181574,,
622095624118161,,
518508611952308,,
277966895190599,,
221050801930189,,
656713154541013,,
792582119129478,,
463493821098546,,
378294819623416,,
502743189532385,,
442228762190788,,
601174179775916,,
131730534355080,,
275592243612358,,
843447222686523,,
119423426491969,,
075893123277638,,
593294057605616,,
268233057133073,,
379585971658330,,
159362183989278,,
941767754153558,,
962364341048653,,
821517463056655,,
536322824241829,,
974707501225599,,
711866276095591,,
205323839496618,,
009692741774293,,
634733198868225,,
727524444215091,,
588577216943534,,
443285018065778,,
266823315789474,,
173518650179487,,
101796555059274,,
925416532715413,,
170173342609118,,
619261851603855,,
076788312968215,,
400623619206133,,
880360883149218,,
086211092378116,,
527023871065319,,
222454646793018,,
458636445069794,,
709115031470181,,
051792488191574,,
994794458263011,,
521240503722512,,
892430081801277,,
941373740719326,,
227240544343634,,
826749416094629,,
227311917440333,,
077385064766305,,
214092442425766,,
953811339958489,,
435942427310572,,
504818995520508,,
942316723418598,,
183230163757080,,
106825328894327,,
250945994865786,,
764138811116505,,
516422410563429,,
906980543035529,,
546221582709482,,
566197980034768,,
934817477529889,,
319099810364055,,
587784757607148,,
447464427241144,,
607060020977002,,
544231208943364,,
353070002714865,,
633932483110973,,
137308282176436,,
687370933648012,,
278681981745312,,
972098150843886,,
014215354295158,,
292780091153595,,
987073639739660,,
858900124816327,,
593474236022742,,
767492842491957,,
714585163105307,,
698705988108022,,
731919712414534,,
556705097306378,,
414656320736349,,
936015699541219,,
820731401237477,,
105704834527852,,
306066699443192,,
673606132204815,,
845993450758030,,
313010985264685,,
641323017930348,,
421273461548292,,
812412590860460,,
634962269439827,,
447963844838706,,
335533276496064,,
150444587463243,,
456855610344140,,
237258689123244,,
870251966822916,,
393346760034962,,
037324633195648,,
967864776634428,,
406642920562734,,
146672247295347,,
666320406688351,,
811369124743610,,
246232485157717,,
819714372454675,,
651379555476788,,
953162546393926,,
651370051630570,,
044985139023215,,
400214792187252,,
290671027650093,,
037119125243006,,
272191536266419,,
202943434879338,,
798319697583557,,
100519822822186,,
213072702599248,,
367461831376333,,
894185660174627,,
249902175743296,,
891825125012674,,
135658740803118,,
112546166086848,,
947177526792061,,
681618807240376,,
548739336529405,,
335989868252782,,
858222379876613,,
957429936414653,,
862982134105923,,
695454962738964,,
826723824513847,,
438191212984240,,
664715123241233,,
230938565099603,,
012964412779054,,
278052535834135,,
836111454658935,,
335561848583130,,
839557436061567,,
088397523566171,,
248548666717951,,
687674078994351,,
723571499327699,,
163488129992462,,
251340875661864,,
170085201447438,,
574372184355496,,
940707530691981,,
174013462703269,,
593240064404509,,
918555582992144,,
992418597137250,,
836346885253761,,
045884333401087,,
668121246279473,,
841813125566309,,
611297141067931,,
395382326636013,,
497003797417825,,
038313002045093,,
594484821125497,,
330052312763001,,
976820952215810,,
649668822050673,,
538743502035206,,
609391647203143,,
460033338526279,,
501195628403007,,
436210741248272,,
007149182534269,,
017147927183796,,
707197098248991,,
307255147039159,,
045873157403137,,
838776787810375,,
431159042764778,,
289248257050994,,
742796652463727,,
110522930411662,,
339572273495684,,
850601493184879,,
287694172043647,,
368713414360850,,
309435070139832,,
342812857454821,,
821458635860547,,
007407578004583,,
419214351288548,,
110671770612544,,
506529504238713,,
830680589785636,,
595904415478246,,
647810982731672,,
235035702082364,,
251899944143289,,
198206833785258,,
508583429493387,,
702868306491422,,
621915194963754,,
735448862783168,,
660712428176153,,
621565163402082,,
974480898699800,,
362700163567509,,
237662801121041,,
667521967479102,,
111183443230239,,
239956426781332,,
730072738368106,,
042011218552236,,
772168834321468,,
151723477304424,,
310973919163614,,
756368132065484,,
012031425213045,,
225193380144847,,
113518909051715,,
143970105988345,,
306213533501732,,
434263666375007,,
181253203164696,,
060477270452374,,
821220963443123,,
060020265025629,,
022849496852176,,
858901223915584,,
191767773967377,,
889041686211104,,
087568433434140,,
985739602157037,,
638425621365199,,
506692703306653,,
661239927499613,,
849611065865717,,
496676569345366,,
632617583071704,,
252008762099040,,
145080457046458,,
078348631099701,,
212268365710494,,
985322988125518,,
206947727080858,,
971675733985738,,
272900911479633,,
928646195489347,,
827601150147567,,
848198550874036,,
804690190831676,,
083900306038676,,
176839542779286,,
947294874138495,,
785699549039873,,
910679138262821,,
404286306994504,,
407833033047070,,
775187376721462,,
747374644134771,,
057848229907127,,
818999546665858,,
897668967187170,,
417391518420095,,
822551038045675,,
623680247668767,,
237378182901255,,
059083987070607,,
277623003043412,,
551366657724380,,
685025205679168,,
950272783963913,,
146369878451521,,
921196118555728,,
453841306034587,,
490332893411589,,
159001233465014,,
216593750022400,,
599776406376669,,
713186794421225,,
195803996045110,,
960425619886267,,
677586362314953,,
088264416055046,,
554554446858921,,
535236029613064,,
682907368960699,,
846644161694681,,
797073841141122,,
745161463713947,,
118278612380974,,
415434121866097,,
028833586270357,,
815814915157124,,
684081222179021,,
819247829253238,,
104583604426301,,
866169220174389,,
116130081234846,,
044849969754795,,
115567456460830,,
690490544046477,,
834132490747444,,
978843914829760,,
826827975849299,,
423154142831432,,
632369050452247,,
944054320721435,,
412694560240249,,
240515094456591,,
806449087490678,,
356702209756849,,
761951652647341,,
214022901396406,,
917139092443552,,
851175735901833,,
679866197720785,,
154910445295338,,
667487971491151,,
499193055684527,,
334508458995653,,
088603370717265,,
657025420083703,,
192732668976657,,
407342400552102,,
984530427231640,,
532927262233363,,
708163959062229,,
095956844702824,,
475425432032152,,
056311257269060,,
482001771965343,,
179905129520316,,
667923840099890,,
587350446548250,,
944147039391622,,
468027598614230,,
301880200928761,,
481324908293912,,
750025563325464,,
153491853989504,,
026959399184418,,
484021369068323,,
719656834935747,,
087724160823687,,
056241044791817,,
500329610505074,,
580692355966236,,
229105495968029,,
122485178590673,,
371983532085464,,
725821860729016,,
820088275883488,,
116011496813572,,
817625053412482,,
735791141006611,,
364810423361011,,
665127071852684,,
504794067694381,,
727208248615137,,
109339422867957,,
253688163944781,,
014616869602520,,
570725993824000,,
593616344155787,,
983458318356426,,
614672353160545,,
182654910400836,,
429677357870412,,
511711561042406,,
428010049561819,,
241091859218550,,
449424478242873,,
730406603990096,,
048249478121423,,
643395825796554,,
373322279134679,,
002132234025842,,
596863195595789,,
063451251282966,,
580823564193986,,
039026394156736,,
934518158421698,,
373751708311426,,
840235381834493,,
995369457542982,,
825819735609157,,
894902179960072,,
295324815509048,,
092101862647078,,
627595813307733,,
383565767705274,,
849885632608281,,
285428579504695,,
592926600955817,,
362623127084319,,
422287118770588,,
307653254212447,,
309816849132284,,
902852309741256,,
823366111579049,,
014769026398164,,
776964926933390,,
902862067061759,,
067508091252826,,
547129457032212,,
453264809357150,,
015234281699484,,
196220130010147,,
109128511342758,,
038149607455624,,
105545974090229,,
071926704076122,,
135332851405693,,
046927584859170,,
858907842898040,,
009342939113294,,
391528996563093,,
780088524457919,,
951590668629957,,
877906244317069,,
329521906708326,,
798378683344701,,
745249741680782,,
850962941801089,,
740704901244675,,
029114883805810,,
646969933485376,,
903835288864819,,
047253166460448,,
499195138887472,,
400291576048140,,
005564564101042,,
279255031631491,,
076807898244312,,
896384174518715,,
720400093626954,,
867496339524561,,
934606186411748,,
695649909982651,,
284416617533801,,
824178391827356,,
931031711180976,,
469620727471067,,
487006138638453,,
512028099243307,,
348257560986663,,
884015941334078,,
929736363342014,,
664262968371006,,
230238727579975,,
869014560309901,,
759096684836780,,
069677643448533,,
191079899539912,,
102194830866915,,
724481896949513,,
212631271312471,,
179548894381415,,
114718453471786,,
503667074548935,,
387980446550213,,
701188368442646,,
031744807290886,,
296076595255254,,
501067746833717,,
831035262324593,,
563128158151240,,
173102243296265,,
774151803385619,,
715941754638947,,
094836375458197,,
886143389982475,,
641034577649078,,
751427539295874,,
100063984199217,,
288957214975516,,
317503188541398,,
745619480650435,,
271909959869514,,
568620727159257,,
901302210331490,,
398556920405728,,
630304646607282,,
920781588233974,,
834392390815657,,
939578403532579,,
165358366016473,,
054112152252039,,
260340004415607,,
151734842065567,,
876513935292831,,
056875517725543,,
884442385034480,,
002542616413331,,
653955918042743,,
598518178869554,,
901595903953352,,
806307984499077,,
645465974680391,,
221782094230326,,
693870127336166,,
881470082218398,,
281603843681175,,
001920140158824,,
376072065571083,,
685568860427493,,
586585059481190,,
896722598647614,,
651373377510223,,
331793626930878,,
903687834241540,,
554496616175274,,
602542568691929,,
776549264799540,,
621604437602094,,
