apply_id,predict_score,predict_label
50557025,,
49510913,,
50782824,,
51967846,,
51105993,,
52709949,,
49717847,,
51179153,,
50083070,,
51727931,,
52485462,,
52850085,,
49518154,,
51179177,,
53384328,,
50739920,,
51776180,,
50082344,,
51967447,,
50083181,,
49594012,,
51298926,,
52153933,,
52408983,,
51728068,,
51910056,,
49716929,,
52155641,,
49715004,,
51967100,,
50685964,,
49877081,,
50349000,,
51968443,,
52485408,,
50606108,,
51715904,,
50782218,,
53563012,,
51257946,,
49717433,,
51494359,,
50782497,,
51298311,,
49511429,,
52850024,,
52154158,,
49714911,,
49875190,,
52366058,,
52154955,,
50970578,,
50970111,,
51494124,,
49717358,,
51966994,,
50007152,,
49715309,,
52366000,,
50082991,,
50390411,,
50081916,,
50970257,,
51968106,,
49717028,,
49511233,,
52411016,,
53145813,,
50390913,,
53145137,,
50605947,,
49594201,,
49594483,,
51299021,,
53144578,,
51775014,,
51299325,,
49595184,,
52154992,,
50229370,,
49511376,,
49877204,,
50350080,,
52360905,,
52154014,,
53144185,,
52154665,,
51909069,,
52711342,,
51494715,,
53385355,,
51107194,,
49595323,,
50228905,,
49875280,,
49510936,,
51297905,,
50965612,,
49594026,,
49875330,,
53145208,,
52411107,,
49715556,,
49715196,,
53384336,,
50781345,,
50965588,,
49715861,,
51177910,,
51968576,,
51299015,,
53385499,,
49364759,,
49595549,,
50750992,,
50391708,,
52480525,,
50750916,,
53144468,,
50082909,,
49875174,,
51257964,,
49715110,,
53145705,,
50780951,,
52409109,,
49699913,,
52365908,,
50970051,,
51454950,,
49511092,,
50083057,,
52155135,,
50081915,,
50390920,,
52155487,,
50544940,,
51493556,,
49717083,,
51776326,,
50229380,,
51107067,,
53562994,,
52480724,,
51968404,,
52155088,,
52850656,,
50008189,,
50391072,,
49511349,,
49875425,,
52710192,,
49874965,,
51967375,,
52360933,,
49875422,,
51776264,,
52343916,,
50782472,,
50970121,,
49875034,,
53145838,,
51493039,,
53144999,,
51968619,,
49715799,,
50230123,,
52409065,,
49518234,,
52848973,,
49595482,,
49364702,,
50781349,,
52154943,,
51105914,,
52850457,,
51299365,,
52850615,,
51493765,,
50229341,,
50782334,,
53145078,,
49875400,,
50391184,,
53144320,,
49595056,,
52361048,,
50391790,,
50557059,,
49717650,,
51493835,,
49518312,,
50970040,,
49715405,,
52849720,,
52408987,,
52485699,,
49518088,,
51493172,,
51298098,,
50781210,,
53144723,,
52711167,,
51728041,,
49715717,,
49369885,,
51105925,,
50781283,,
51967623,,
49877028,,
52850599,,
50965557,,
50204905,,
53145757,,
49364802,,
49595257,,
50556947,,
50082923,,
53145012,,
50229180,,
52710277,,
50686072,,
50782677,,
50782615,,
52485227,,
52154468,,
52710038,,
49369585,,
53385429,,
51967668,,
53144768,,
53145307,,
51299462,,
49716991,,
50008053,,
50606264,,
51105910,,
50781133,,
50390455,,
53144252,,
50782203,,
53384024,,
49511128,,
51493478,,
51968783,,
49364524,,
49595016,,
51968552,,
50782619,,
53385163,,
51776071,,
49717446,,
51493491,,
50782232,,
50081945,,
51493953,,
52480504,,
50685977,,
52154759,,
49594903,,
50781784,,
49369627,,
49595189,,
49699911,,
53145171,,
52479929,,
50229387,,
49699926,,
49715222,,
50390321,,
49875013,,
50390756,,
49717056,,
49715841,,
49875344,,
53144545,,
51258931,,
52360995,,
51107145,,
50390843,,
51967351,,
51968108,,
50008135,,
52850658,,
51909909,,
50781218,,
51968811,,
50228926,,
51298154,,
52155273,,
50230279,,
49511253,,
49369800,,
49717540,,
51299338,,
50229288,,
49593918,,
52849562,,
50684922,,
52711123,,
51494831,,
50391623,,
51775128,,
52710212,,
52850826,,
50007128,,
49875233,,
51178989,,
49593940,,
52850328,,
52408977,,
53145416,,
53144948,,
51968678,,
50965465,,
49875325,,
50229954,,
53075087,,
49595320,,
53145076,,
49593930,,
53144794,,
49699903,,
52849251,,
49875355,,
51299363,,
50964933,,
53385238,,
53075055,,
50349078,,
50607087,,
51968330,,
50781259,,
50229185,,
50350077,,
51728027,,
50229161,,
49877214,,
51728024,,
51455902,,
49716978,,
53145298,,
52411048,,
52709978,,
51106055,,
52480308,,
49877557,,
49715236,,
52485364,,
49594328,,
51106936,,
51967801,,
50781343,,
51967097,,
52155364,,
53562059,,
51727079,,
51179139,,
52365924,,
52850824,,
49595330,,
51909048,,
51494223,,
50008067,,
49875020,,
52687950,,
49875208,,
52485691,,
50229956,,
50750982,,
49595067,,
52849367,,
49364680,,
52850051,,
51494347,,
50782114,,
50781410,,
49717228,,
49716920,,
52155871,,
51728138,,
53144230,,
52155134,,
51179015,,
49369851,,
50082194,,
53385352,,
52153973,,
52850098,,
51967250,,
49595435,,
49717377,,
52409119,,
53144438,,
52155418,,
52484926,,
51493104,,
49875296,,
49595068,,
52850700,,
49717596,,
52485414,,
50082357,,
50390192,,
50782406,,
53384318,,
53562921,,
50390940,,
49369805,,
51258966,,
52849007,,
49594369,,
53561914,,
51299404,,
50391178,,
49717651,,
52480397,,
51494118,,
50781950,,
53141902,,
50390581,,
53145438,,
50556929,,
50082414,,
53383948,,
50685987,,
50391088,,
51297944,,
50781748,,
50391743,,
52480667,,
52686960,,
52850109,,
49877093,,
51455970,,
52849919,,
51493639,,
50685105,,
52485169,,
49364846,,
52848981,,
49595343,,
53385495,,
53090956,,
49877254,,
50970446,,
52155822,,
51727088,,
50390599,,
53143961,,
50229101,,
49517933,,
52154402,,
52154590,,
51494029,,
50606099,,
52849569,,
49877219,,
50782633,,
49518169,,
51298151,,
53385228,,
51493214,,
49510967,,
52153934,,
50229346,,
49715465,,
52849905,,
50082499,,
49877076,,
52480422,,
53145540,,
52849947,,
50684923,,
49369552,,
51178194,,
50605938,,
51686973,,
49699918,,
50606010,,
50082210,,
52485525,,
50082338,,
50008006,,
52480380,,
49717213,,
50071901,,
51493715,,
49698912,,
51727995,,
49594103,,
52850031,,
51298415,,
49698922,,
50349908,,
52711113,,
50781299,,
50606270,,
52408985,,
50228958,,
51967082,,
49715649,,
52154541,,
51968326,,
50230167,,
52480430,,
49714985,,
53384298,,
52485479,,
51494611,,
51298099,,
51727003,,
51967678,,
50391309,,
50390497,,
